# かけ算 - 解説

**参考学年**: 小学2年 | **学習目的**: かけ算の意味を理解し、九九を覚えて正確に計算できるようにする

## ✏️ かけ算とは

- 同じ数を **くり返したす** 計算
- 記号「×」を使う

## 📖 例題と解説

### 例① 3 × 4 = ?

```
🍎🍎🍎  🍎🍎🍎  🍎🍎🍎  🍎🍎🍎
 (3個)  (3個)  (3個)  (3個) → 3を4回 = 12
```

🎯 **3 × 4 = 3 + 3 + 3 + 3 = 12**

### 例② 5 × 3 = ?

```
🔵🔵🔵🔵🔵  🔵🔵🔵🔵🔵  🔵🔵🔵🔵🔵
  (5個)      (5個)      (5個) → 5を3回 = 15
```

🎯 **5 × 3 = 5 + 5 + 5 = 15**

## 📌 九九表

| × | 1 | 2 | 3 | 4 | 5 | 6 | 7 | 8 | 9 |
|---|---|---|---|---|---|---|---|---|---|
| **2** | 2 | 4 | 6 | 8 | 10 | 12 | 14 | 16 | 18 |
| **3** | 3 | 6 | 9 | 12 | 15 | 18 | 21 | 24 | 27 |
| **4** | 4 | 8 | 12 | 16 | 20 | 24 | 28 | 32 | 36 |
| **5** | 5 | 10 | 15 | 20 | 25 | 30 | 35 | 40 | 45 |
| **6** | 6 | 12 | 18 | 24 | 30 | 36 | 42 | 48 | 54 |
| **7** | 7 | 14 | 21 | 28 | 35 | 42 | 49 | 56 | 63 |
| **8** | 8 | 16 | 24 | 32 | 40 | 48 | 56 | 64 | 72 |
| **9** | 9 | 18 | 27 | 36 | 45 | 54 | 63 | 72 | 81 |

## 📌 おぼえておこう

- 順番を変えても答えは同じ → `3 × 4 = 4 × 3 = 12`
- 0をかけると0 → `5 × 0 = 0`
- 1をかけてもそのまま → `5 × 1 = 5`
---

[目次](../../README.md) | [練習](drill.md) | [回答](answer.md) | 解説
[前へ: ひき算（まとめ）](../06-subtraction-mixed/drill.md) | **かけ算** | [次へ: わり算（あまりなし）](../08-division-no-remainder/drill.md)
