# かけ算

> **参考学年**: 小学2年

## 学習目的

かけ算の意味を理解し、九九を覚えて正確に計算できるようになる。

## 解説

### かけ算とは

かけ算は、同じ数をくり返したし算です。記号「×」を使います。

- 例：3 × 4 = 3 + 3 + 3 + 3 = 12（3を4回たす）

### 九九（くく）

かけ算の基本は九九です。1の段から9の段までを覚えましょう。

| × | 1 | 2 | 3 | 4 | 5 | 6 | 7 | 8 | 9 |
|---|---|---|---|---|---|---|---|---|---|
| **1** | 1 | 2 | 3 | 4 | 5 | 6 | 7 | 8 | 9 |
| **2** | 2 | 4 | 6 | 8 | 10 | 12 | 14 | 16 | 18 |
| **3** | 3 | 6 | 9 | 12 | 15 | 18 | 21 | 24 | 27 |
| **4** | 4 | 8 | 12 | 16 | 20 | 24 | 28 | 32 | 36 |
| **5** | 5 | 10 | 15 | 20 | 25 | 30 | 35 | 40 | 45 |
| **6** | 6 | 12 | 18 | 24 | 30 | 36 | 42 | 48 | 54 |
| **7** | 7 | 14 | 21 | 28 | 35 | 42 | 49 | 56 | 63 |
| **8** | 8 | 16 | 24 | 32 | 40 | 48 | 56 | 64 | 72 |
| **9** | 9 | 18 | 27 | 36 | 45 | 54 | 63 | 72 | 81 |

### 計算のポイント

- 順番を入れかえても答えは同じです（例：3 × 4 = 4 × 3）
- 0をかけると必ず0になります（例：5 × 0 = 0）
- 1をかけても数は変わりません（例：5 × 1 = 5）

---

[練習問題へ](drill.md) | [目次に戻る](../../README.md)
